SURVEY:    DES 
SNID:      304822
SNTYPE:      0     #  
FILTERS:   griz 
PIXSIZE:   0.27    # arcsec 
NXPIX:     2048  
NYPIX:     4096  
FAKE:      0 
RA:        193.102221  deg
DECL:      -17.886307  deg
MWEBV:     0  # WARNING: see OPT_MWEBV in SNANA manual 
MWEBV_ERR: 0  
REDSHIFT_HELIO:  -9.0000  +-  -9.0000    #  
REDSHIFT_FINAL:  -9.0000  +-  -9.0000    # CMB

HOSTGAL_OBJID:   -888 
HOSTGAL_PHOTOZ:  -9.0000 +-  -9.0000
HOSTGAL_SPECZ:   -9.0000 +-  -9.0000
HOSTGAL_SNSEP:   -9.00    # arcsec
HOSTGAL_MAG:     888.00 888.00 888.00 888.00    # Aper_4 

# For GW170817, HOSTGAL_SB is from 1st GALFLUX epoch in SNOBS table
HOSTGAL_SB_FLUXCAL: -999.00 -999.00 -457248.67 -457248.67    # griz FLUXCAL/asec^2 

PRIVATE(DES_snid):            304822 
PRIVATE(DES_cand_type):         0   (OK                  )
PRIVATE(DES_transient_status):  0  
PRIVATE(DES_ccdnum):            16  # first CCDNUM in query 
PRIVATE(DES_numepochs):         0  # read from SNCAND 
PRIVATE(DES_numepochs_ml):      0  # read from SNCAND 
PRIVATE(DES_numepochs_ml_Y0):      0  # computed 
PRIVATE(DES_numepochs_ml_Y1):      0  # computed 
PRIVATE(DES_numepochs_ml_Y2):      0  # computed 
PRIVATE(DES_numepochs_ml_Y3):      0  # computed 
PRIVATE(DES_numepochs_ml_Y4):      0  # computed 
PRIVATE(DES_numepochs_ml_Y5):      0  # computed 
PRIVATE(DES_numepochs_ml_Y6):      0  # computed 
PRIVATE(DES_mjd_trigger):       0.000 # computed
PRIVATE(DES_mjd_latest_ml):     0.000 # computed 
PRIVATE(DES_latest_nite_ml):    0   # read from SNCAND
PRIVATE(DES_nobs_offccd):       0  # computed 
PRIVATE(DES_nobs_photerr):      0  # (Nobs with PHOTLAG & 1016) 
PRIVATE(DES_hostgal_dlr):       -9.00   
PRIVATE(DES_hostgal_gradient_g):  -888.00 
PRIVATE(DES_hostgal_gradient_r):  -888.00 
PRIVATE(DES_hostgal_gradient_i):  -888.00 
PRIVATE(DES_hostgal_gradient_z):  -888.00 


# ------------------ 
NOBS: 4 
NVAR: 18 
VARLIST: MJD  FLT  FIELD FLUXCAL  FLUXCALERR PHOTFLAG PHOTPROB ZPFLUX PSF SKYSIG SKYSIG_T GAIN XPIX YPIX  NITE EXPNUM CCDNUM OBJID  

# Begin Y503 obs 

OBS:   57982.981  i  GW   2.4924e+02   8.1528e+01  4096   0.451  30.398 2.774 45.1 53.8 1.02 1951.42 3086.43  20170817  668407   16   10897344  
OBS:   57982.982  z  GW  -9.7983e+01   1.4287e+02  4097   0.103  30.140 2.638 61.6 71.7 1.00 1960.05 3079.90  20170817  668408   16   10928904  
OBS:   57982.984  i  GW   3.2575e+02   8.2511e+01  4096   0.392  30.404 2.936 44.9 53.3 1.00 1890.62 2826.98  20170817  668411   51   10429131  
OBS:   57982.984  z  GW   1.9522e+02   1.4090e+02    1   -9  30.141 2.568 60.6 70.4 1.02 1892.36 2830.43  20170817  668412   51   0  

# END 
