SURVEY:    DES 
SNID:      303743
SNTYPE:      0     #  
FILTERS:   griz 
PIXSIZE:   0.27    # arcsec 
NXPIX:     2048  
NYPIX:     4096  
FAKE:      0 
RA:        192.390760  deg
DECL:      -14.788440  deg
MWEBV:     0  # WARNING: see OPT_MWEBV in SNANA manual 
MWEBV_ERR: 0  
REDSHIFT_HELIO:  -9.0000  +-  -9.0000    #  
REDSHIFT_FINAL:  -9.0000  +-  -9.0000    # CMB

HOSTGAL_OBJID:   -888 
HOSTGAL_PHOTOZ:  -9.0000 +-  -9.0000
HOSTGAL_SPECZ:   -9.0000 +-  -9.0000
HOSTGAL_SNSEP:   -9.00    # arcsec
HOSTGAL_MAG:     888.00 888.00 888.00 888.00    # Aper_4 

# For GW170817, HOSTGAL_SB is from 1st GALFLUX epoch in SNOBS table
HOSTGAL_SB_FLUXCAL: -999.00 -999.00 -457248.67 -457248.67    # griz FLUXCAL/asec^2 

PRIVATE(DES_snid):            303743 
PRIVATE(DES_cand_type):         0   (OK                  )
PRIVATE(DES_transient_status):  0  
PRIVATE(DES_ccdnum):            54  # first CCDNUM in query 
PRIVATE(DES_numepochs):         0  # read from SNCAND 
PRIVATE(DES_numepochs_ml):      0  # read from SNCAND 
PRIVATE(DES_numepochs_ml_Y0):      0  # computed 
PRIVATE(DES_numepochs_ml_Y1):      0  # computed 
PRIVATE(DES_numepochs_ml_Y2):      0  # computed 
PRIVATE(DES_numepochs_ml_Y3):      0  # computed 
PRIVATE(DES_numepochs_ml_Y4):      0  # computed 
PRIVATE(DES_numepochs_ml_Y5):      0  # computed 
PRIVATE(DES_numepochs_ml_Y6):      0  # computed 
PRIVATE(DES_mjd_trigger):       0.000 # computed
PRIVATE(DES_mjd_latest_ml):     0.000 # computed 
PRIVATE(DES_latest_nite_ml):    0   # read from SNCAND
PRIVATE(DES_nobs_offccd):       0  # computed 
PRIVATE(DES_nobs_photerr):      0  # (Nobs with PHOTLAG & 1016) 
PRIVATE(DES_hostgal_dlr):       -9.00   
PRIVATE(DES_hostgal_gradient_g):  -888.00 
PRIVATE(DES_hostgal_gradient_r):  -888.00 
PRIVATE(DES_hostgal_gradient_i):  -888.00 
PRIVATE(DES_hostgal_gradient_z):  -888.00 


# ------------------ 
NOBS: 4 
NVAR: 18 
VARLIST: MJD  FLT  FIELD FLUXCAL  FLUXCALERR PHOTFLAG PHOTPROB ZPFLUX PSF SKYSIG SKYSIG_T GAIN XPIX YPIX  NITE EXPNUM CCDNUM OBJID  

# Begin Y503 obs 

OBS:   57982.973  i  GW   2.4942e+02   7.0819e+01  4096   0.362  30.384 2.216 67.8 69.5 1.03 1087.36 2112.40  20170817  668395   54   10741340  
OBS:   57982.973  z  GW   4.3423e+02   8.6012e+01  4096   0.463  30.132 2.215 70.0 68.5 1.01 1091.27 2101.53  20170817  668396   54   10737276  
OBS:   57982.974  i  GW   1.4724e+02   6.8426e+01  4097   0.020  30.394 2.252 61.5 53.3 1.00 1591.29 3732.00  20170817  668397   51   10876288  
OBS:   57982.975  z  GW   4.2862e+02   8.6626e+01  4096   0.123  30.127 2.171 66.2 52.8 1.02 1594.71 3723.63  20170817  668398   51   10878776  

# END 
